10001 62 100 C
10003 88 100 A
10004 52 100 D
10005 88 100 A
10006 12 100 F
10007 64 100 C
10008 76 85 B
10009 62 85 C
10010 36 85 E
10011 32 85 E
10012 62 85 C
10013 94 100 A
10014 28 100 E
10016 66 100 C
10017 36 100 E
10018 58 85 C
10019 74 100 B
10021 86 100 A
10022 70 100 B
10023 40 100 E
10025 56 85 D
10026 30 85 E
10027 0 F
10028 56 100 C
10029 28 100 E
10030 48 D
10031 48 85 D
10032 68 85 C
10033 64 100 C
10034 46 100 D
10035 90 100 A
10036 80 100 B
10037 0 85 F
10038 60 85 C
10039 70 85 B
10040 48 85 D
10041 36 100 E
10042 38 85 E
10043 56 100 C
10045 66 100 C
10046 72 100 B
10047 70 100 B
10048 50 100 D
10049 72 85 B
10051 50 100 D
10052 94 100 A
10053 42 100 D
10054 32 65 E
10055 86 85 A
10056 62 100 C
10057 54 85 D
10058 60 100 C
10059 0 85 F
10060 64 100 C
10061 54 100 D
10063 44 E
10064 88 85 A
10065 70 85 B
10066 60 100 C
10067 64 100 C
10068 38 100 E
10069 40 85 E
10070 40 E
10071 36 100 E
10072 34 100 E
10074 76 100 B
10078 64 100 C
10079 50 D
10080 50 85 D
10081 0 100 F
10082 0 85 F
10083 90 100 A
10084 44 100 D
10085 62 100 C
10086 48 85 D
10087 62 100 C
10088 78 100 B
10089 0 100 F
10090 62 100 C
10091 84 85 A
10092 76 100 B
10093 72 100 B
10094 96 100 A
10095 0 100 F
10096 62 100 C
10097 60 85 C
10098 46 100 D
10099 44 100 D
10100 28 85 F
10101 0 100 F
10102 60 100 C
10103 70 100 B
10104 56 85 D
10105 80 100 B
10106 44 100 D
10107 24 100 F
10108 44 100 D
10109 66 100 C
10110 72 85 B
10111 0 100 F
10112 40 100 E
10113 74 100 B
10114 64 85 C
10115 66 100 C
10116 80 100 B
10117 90 100 A
10118 70 100 B
10119 54 100 D
10120 52 85 D
10121 0 100 F
10122 40 100 E
10123 0 85 F
10125 80 100 B
10126 94 85 A
10127 60 100 C
10128 38 100 E
10129 60 100 C
10130 84 85 A
10132 84 100 A
10133 62 100 C
10134 72 100 B
10136 30 F
10137 48 85 D
10139 66 100 C
10140 48 85 D
10141 34 100 E
10142 80 100 B
10143 52 85 D
10144 58 100 C
10145 66 85 C
10146 82 85 B
10147 40 100 E
10148 46 85 D
10149 42 85 E
10150 56 100 C
10151 74 100 B
10152 40 100 E
10154 72 100 B
10155 72 100 B
10156 66 100 C
10158 38 85 E
10159 58 100 C
10160 48 100 D
10161 20 85 F
10163 74 85 B
10164 32 100 E
10165 50 100 D
10166 62 85 C
10167 66 100 C
10168 70 85 B
10169 66 100 C
10170 64 100 C
10171 46 100 D
10172 64 85 C
10173 66 85 C
10174 56 100 C
10175 40 85 E
10176 52 100 D
10177 58 85 C
10178 54 100 D
10179 82 85 B
10180 50 85 D
10181 56 85 D
10182 54 100 D
10183 56 85 D
10184 62 85 C
10185 56 85 D
10186 80 100 B
10187 66 C
10188 90 100 A
10189 76 85 B
10190 56 100 C
10191 54 85 D
10194 74 100 B
10196 64 85 C
10199 0 100 F
10200 72 85 B
10201 72 100 B
10202 88 100 A
10203 82 100 A
10205 26 F
10206 82 100 A
10207 70 100 B
10208 62 85 C
10209 52 100 D
10210 0 85 F
10211 40 85 E
10212 42 100 D
10213 80 85 B
10214 88 85 A
10215 82 100 A
10216 46 100 D
10217 58 100 C
10218 58 85 C
10219 68 100 B
10220 34 85 E
10221 74 100 B
10222 48 85 D
10223 42 100 D
10224 32 100 E
10225 40 100 E
10226 84 85 A
10227 54 100 D
10229 82 85 B
10230 46 85 D
10231 64 85 C
10232 72 100 B
10233 90 100 A
10234 88 85 A
10235 76 85 B
10237 78 100 B
10238 88 100 A
10239 96 100 A
10240 52 85 D
10242 66 85 C
10243 36 E
10244 20 85 F
10245 68 85 C
10246 0 100 F
10247 76 100 B
10248 58 85 C
10249 0 85 F
10250 54 85 D
10251 82 100 A
10252 76 85 B
10255 60 100 C
10256 54 85 D
10257 48 85 D
10258 0 100 F
10259 88 100 A
10260 0 100 F
10261 58 85 C
10262 56 100 C
10263 70 85 B
10264 72 100 B
10265 26 F
10266 20 100 F
10267 44 100 D